Date;Water;Landslide;Ice;Snow;Total
2012-10-01;0;0;0;0;0
2012-10-02;0;0;0;0;0
2012-10-03;0;0;0;0;0
2012-10-04;0;0;0;0;0
2012-10-05;0;0;0;0;0
2012-10-06;0;0;1;0;1
2012-10-07;0;0;0;0;0
2012-10-08;0;0;1;0;1
2012-10-09;0;0;3;0;3
2012-10-10;0;0;4;0;4
2012-10-11;0;0;6;2;8
2012-10-12;0;0;3;0;3
2012-10-13;0;0;2;0;2
2012-10-14;0;0;2;2;4
2012-10-15;0;0;2;0;2
2012-10-16;0;0;1;0;1
2012-10-17;0;0;1;0;1
2012-10-18;0;0;0;0;0
2012-10-19;0;0;1;0;1
2012-10-20;0;0;1;0;1
2012-10-21;0;0;0;0;0
2012-10-22;0;0;4;0;4
2012-10-23;0;0;1;2;3
2012-10-24;0;0;3;0;3
2012-10-25;0;0;6;1;7
2012-10-26;0;0;2;8;10
2012-10-27;0;0;6;4;10
2012-10-28;0;0;9;5;14
2012-10-29;0;0;10;4;14
2012-10-30;0;0;3;2;5
2012-10-31;0;0;2;1;3
2012-11-01;0;0;5;0;5
2012-11-02;1;0;8;2;11
2012-11-03;0;0;0;1;1
2012-11-04;0;0;3;0;3
2012-11-05;0;0;11;0;11
2012-11-06;0;0;2;1;3
2012-11-07;0;0;11;3;14
2012-11-08;0;0;6;1;7
2012-11-09;0;0;6;1;7
2012-11-10;0;0;5;1;6
2012-11-11;0;0;0;1;1
2012-11-12;0;0;12;0;12
2012-11-13;0;0;4;4;8
2012-11-14;0;0;5;0;5
2012-11-15;0;0;2;8;10
2012-11-16;0;0;7;0;7
2012-11-17;0;0;0;3;3
2012-11-18;0;0;1;6;7
2012-11-19;0;0;4;0;4
2012-11-20;0;0;2;0;2
2012-11-21;0;0;1;1;2
2012-11-22;0;0;4;6;10
2012-11-23;0;0;0;0;0
2012-11-24;0;0;4;2;6
2012-11-25;0;0;7;1;8
2012-11-26;0;0;12;2;14
2012-11-27;0;0;3;0;3
2012-11-28;0;0;2;2;4
2012-11-29;0;0;4;11;15
2012-11-30;0;0;15;1;16
2012-12-01;0;0;18;0;18
2012-12-02;0;0;22;4;26
2012-12-03;0;0;25;0;25
2012-12-04;0;0;6;0;6
2012-12-05;0;0;17;4;21
2012-12-06;0;0;17;1;18
2012-12-07;0;0;9;1;10
2012-12-08;0;0;10;9;19
2012-12-09;0;0;6;8;14
2012-12-10;0;0;26;15;41
2012-12-11;0;0;12;13;25
2012-12-12;0;0;7;41;48
2012-12-13;0;0;10;10;20
2012-12-14;0;0;5;20;25
2012-12-15;0;0;0;9;9
2012-12-16;0;1;3;22;26
2012-12-17;0;0;1;16;17
2012-12-18;0;0;14;7;21
2012-12-19;0;0;20;18;38
2012-12-20;0;0;6;18;24
2012-12-21;0;0;5;19;24
2012-12-22;0;0;0;7;7
2012-12-23;0;0;2;11;13
2012-12-24;0;0;0;6;6
2012-12-25;0;0;2;8;10
2012-12-26;0;0;2;15;17
2012-12-27;0;0;13;17;30
2012-12-28;0;0;3;23;26
2012-12-29;0;2;2;30;34
2012-12-30;0;0;2;22;24
2012-12-31;0;0;9;18;27
2013-01-01;0;0;16;9;25
2013-01-02;0;0;13;16;29
2013-01-03;0;0;9;11;20
2013-01-04;1;0;10;25;36
2013-01-05;0;0;17;23;40
2013-01-06;0;0;12;15;27
2013-01-07;0;0;19;9;28
2013-01-08;0;0;3;20;23
2013-01-09;0;0;28;16;44
2013-01-10;0;0;42;26;68
2013-01-11;0;0;27;53;80
2013-01-12;0;0;16;31;47
2013-01-13;0;0;17;50;67
2013-01-14;0;0;27;29;56
2013-01-15;0;0;16;25;41
2013-01-16;0;0;8;26;34
2013-01-17;0;0;7;44;51
2013-01-18;0;0;14;27;41
2013-01-19;0;0;6;15;21
2013-01-20;0;0;12;36;48
2013-01-21;0;0;4;28;32
2013-01-22;0;0;5;30;35
2013-01-23;0;0;9;33;42
2013-01-24;0;0;12;43;55
2013-01-25;0;0;11;58;69
2013-01-26;0;0;2;28;30
2013-01-27;0;0;3;47;50
2013-01-28;0;0;0;44;44
2013-01-29;0;0;3;50;53
2013-01-30;0;0;7;52;59
2013-01-31;0;0;17;64;81
2013-02-01;0;0;16;73;89
2013-02-02;0;0;5;58;63
2013-02-03;0;0;7;57;64
2013-02-04;0;0;3;39;42
2013-02-05;0;0;6;55;61
2013-02-06;0;0;4;44;48
2013-02-07;0;0;15;53;68
2013-02-08;0;0;9;55;64
2013-02-09;0;0;5;43;48
2013-02-10;0;0;6;30;36
2013-02-11;0;0;12;34;46
2013-02-12;0;0;3;33;36
2013-02-13;0;0;3;37;40
2013-02-14;0;0;21;36;57
2013-02-15;0;0;5;53;58
2013-02-16;0;0;3;43;46
2013-02-17;0;1;0;34;35
2013-02-18;0;0;5;50;55
2013-02-19;0;0;4;62;66
2013-02-20;0;0;11;55;66
2013-02-21;0;0;15;53;68
2013-02-22;0;0;3;56;59
2013-02-23;0;0;3;46;49
2013-02-24;0;0;4;34;38
2013-02-25;0;0;7;40;47
2013-02-26;0;0;7;36;43
2013-02-27;0;0;6;37;43
2013-02-28;0;0;6;36;42
2013-03-01;0;0;7;92;99
2013-03-02;0;0;2;61;63
2013-03-03;0;0;4;47;51
2013-03-04;0;0;4;26;30
2013-03-05;0;0;20;41;61
2013-03-06;0;0;21;39;60
2013-03-07;0;0;14;68;82
2013-03-08;0;0;7;54;61
2013-03-09;0;0;3;30;34
2013-03-10;0;0;2;41;43
2013-03-11;0;0;10;28;38
2013-03-12;0;0;13;51;64
2013-03-13;0;0;15;52;67
2013-03-14;0;0;16;56;72
2013-03-15;0;0;16;56;72
2013-03-16;0;0;3;49;52
2013-03-17;0;0;2;46;48
2013-03-18;0;0;26;30;56
2013-03-19;0;0;8;46;54
2013-03-20;0;0;8;58;66
2013-03-21;0;0;14;30;44
2013-03-22;0;0;7;52;59
2013-03-23;0;0;4;28;32
2013-03-24;0;0;0;43;43
2013-03-25;1;0;5;51;57
2013-03-26;0;0;4;44;48
2013-03-27;0;0;0;56;56
2013-03-28;0;0;2;58;60
2013-03-29;0;0;1;42;43
2013-03-30;0;0;3;56;59
2013-03-31;0;0;1;34;35
2013-04-01;0;0;5;42;47
2013-04-02;0;0;5;39;44
2013-04-03;0;0;17;45;62
2013-04-04;0;0;11;45;56
2013-04-05;0;0;15;46;61
2013-04-06;0;0;6;33;39
2013-04-07;0;0;3;32;35
2013-04-08;0;0;6;31;37
2013-04-09;0;0;9;34;43
2013-04-10;0;0;13;32;45
2013-04-11;0;0;5;45;50
2013-04-12;0;0;18;47;65
2013-04-13;0;0;3;32;35
2013-04-14;0;1;7;27;36
2013-04-15;0;0;20;43;65
2013-04-16;2;5;6;35;49
2013-04-17;0;1;18;35;56
2013-04-18;0;2;5;35;42
2013-04-19;0;0;14;34;48
2013-04-20;0;2;11;19;32
2013-04-21;0;0;15;18;33
2013-04-22;0;0;11;15;26
2013-04-23;0;0;6;26;32
2013-04-24;1;0;19;30;50
2013-04-25;0;0;12;14;26
2013-04-26;0;0;33;41;74
2013-04-27;0;1;15;11;27
2013-04-28;0;0;11;18;29
2013-04-29;0;0;24;17;41
2013-04-30;0;0;17;13;30
2013-05-01;0;0;6;30;36
2013-05-02;0;0;6;28;34
2013-05-03;0;0;13;39;52
2013-05-04;0;1;11;22;34
2013-05-05;0;0;13;12;25
2013-05-06;0;2;5;23;30
2013-05-07;0;0;21;22;43
2013-05-08;0;0;8;44;52
2013-05-09;0;0;6;18;24
2013-05-10;0;0;17;35;52
2013-05-11;0;0;2;9;11
2013-05-12;0;0;6;11;17
2013-05-13;0;0;4;17;21
2013-05-14;0;0;17;19;36
2013-05-15;3;1;3;16;23
2013-05-16;8;0;13;12;33
2013-05-17;2;1;8;13;24
2013-05-18;0;2;5;6;13
2013-05-19;0;2;6;15;24
2013-05-20;0;0;21;9;32
2013-05-21;1;4;16;17;38
2013-05-22;13;65;4;10;92
2013-05-23;6;12;5;21;46
2013-05-24;6;6;4;13;30
2013-05-25;0;1;4;0;5
2013-05-26;0;1;5;6;12
2013-05-27;3;1;7;12;24
2013-05-28;3;0;8;3;14
2013-05-29;0;0;7;4;11
2013-05-30;0;3;16;12;31
2013-05-31;0;0;6;8;14
2013-06-01;0;1;4;0;5
2013-06-02;0;0;4;0;4
2013-06-03;0;2;8;0;10
2013-06-04;0;3;3;0;6
2013-06-05;0;1;2;0;3
2013-06-06;0;0;3;0;3
2013-06-07;0;1;13;0;14
2013-06-08;0;0;4;0;4
2013-06-09;0;3;2;0;5
2013-06-10;0;0;5;0;5
2013-06-11;0;1;2;0;3
2013-06-12;0;0;1;0;1
2013-06-13;0;0;2;0;2
2013-06-14;0;1;1;0;2
2013-06-15;0;0;2;0;2
2013-06-16;0;0;1;0;1
2013-06-17;0;0;4;0;4
2013-06-18;1;2;1;0;4
2013-06-19;0;0;1;0;1
2013-06-20;0;0;1;0;1
2013-06-21;0;1;1;0;2
2013-06-22;0;0;0;0;0
2013-06-23;0;2;0;0;2
2013-06-24;0;0;1;3;4
2013-06-25;0;1;0;0;1
2013-06-26;0;0;1;1;2
2013-06-27;2;0;0;0;2
2013-06-28;0;1;0;0;1
2013-06-29;0;2;0;0;2
2013-06-30;1;0;1;0;2
2013-07-01;1;0;0;0;1
2013-07-02;0;0;0;0;0
2013-07-03;0;0;0;1;1
2013-07-04;0;0;0;0;0
2013-07-05;0;0;0;0;0
2013-07-06;0;0;1;0;1
2013-07-07;0;0;0;0;0
2013-07-08;0;0;0;0;0
2013-07-09;0;0;0;0;0
2013-07-10;0;0;0;0;0
2013-07-11;0;0;0;0;0
2013-07-12;0;0;0;0;1
2013-07-13;0;0;0;0;0
2013-07-14;0;1;0;0;1
2013-07-15;0;0;0;0;0
2013-07-16;0;1;0;0;1
2013-07-17;0;1;0;0;1
2013-07-18;0;1;0;0;1
2013-07-19;0;0;0;0;0
2013-07-20;0;0;0;0;0
2013-07-21;0;0;0;0;0
2013-07-22;0;0;0;0;0
2013-07-23;0;0;0;0;0
2013-07-24;0;0;0;0;0
2013-07-25;0;0;0;0;0
2013-07-26;0;0;0;0;0
2013-07-27;0;0;0;0;0
2013-07-28;0;1;0;0;1
2013-07-29;0;1;0;0;1
2013-07-30;0;0;0;0;0
2013-07-31;0;2;0;0;2
2013-08-01;0;0;0;0;0
2013-08-02;0;0;0;0;0
2013-08-03;1;2;0;0;3
2013-08-04;0;0;0;0;0
2013-08-05;0;0;0;0;0
2013-08-06;1;2;0;0;3
2013-08-07;0;0;1;0;1
2013-08-08;0;0;0;0;0
2013-08-09;0;0;0;0;0
2013-08-10;0;0;0;0;0
2013-08-11;0;2;0;0;2
2013-08-12;0;1;0;0;1
2013-08-13;0;2;0;0;2
2013-08-14;0;2;0;0;2
2013-08-15;0;0;0;0;0
2013-08-16;0;1;0;0;1
2013-08-17;0;1;0;0;1
2013-08-18;0;1;0;0;1
2013-08-19;0;0;0;0;0
2013-08-20;0;0;0;0;0
2013-08-21;0;0;0;0;0
2013-08-22;0;0;0;0;0
2013-08-23;0;0;0;0;0
2013-08-24;0;0;0;0;0
2013-08-25;0;0;0;0;0
2013-08-26;1;0;0;0;1
2013-08-27;1;0;0;0;1
2013-08-28;0;1;0;0;1
2013-08-29;0;0;0;0;0
2013-08-30;0;0;0;0;0
2013-08-31;0;0;0;0;0
2013-09-01;0;0;0;0;0
2013-09-02;0;0;0;0;0
2013-09-03;0;0;0;0;0
2013-09-04;0;0;0;0;0
2013-09-05;0;0;0;0;0
2013-09-06;0;2;0;0;2
2013-09-07;0;0;0;0;0
2013-09-08;0;0;0;0;0
2013-09-09;0;1;0;0;1
2013-09-10;1;0;0;0;1
2013-09-11;0;0;0;0;0
2013-09-12;0;0;0;0;0
2013-09-13;0;0;0;0;0
2013-09-14;0;0;0;0;0
2013-09-15;0;0;0;0;0
2013-09-16;0;1;0;0;1
2013-09-17;4;0;0;0;4
2013-09-18;0;2;0;0;2
2013-09-19;0;0;0;3;3
2013-09-20;0;0;0;0;0
2013-09-21;0;0;0;0;0
2013-09-22;0;0;0;0;0
2013-09-23;0;0;0;0;0
2013-09-24;0;0;0;0;0
2013-09-25;0;0;0;0;0
2013-09-26;0;0;0;0;0
2013-09-27;0;0;0;0;0
2013-09-28;0;0;0;0;0
2013-09-29;0;0;0;0;0
2013-09-30;0;0;0;0;0
2013-10-01;0;0;0;0;0
2013-10-02;0;0;0;0;0
2013-10-03;0;0;0;0;0
2013-10-04;0;0;0;0;0
2013-10-05;0;0;1;0;1
2013-10-06;0;4;0;0;4
2013-10-07;0;3;0;0;3
2013-10-08;0;2;0;0;2
2013-10-09;0;0;0;0;0
2013-10-10;2;0;0;0;2
2013-10-11;0;0;0;1;1
2013-10-12;0;0;1;0;1
2013-10-13;0;0;0;0;0
2013-10-14;0;0;1;0;1
2013-10-15;0;0;2;1;3
2013-10-16;0;0;7;0;7
2013-10-17;0;0;2;2;4
2013-10-18;0;0;6;0;6
2013-10-19;0;0;3;0;3
2013-10-20;0;0;6;2;8
2013-10-21;0;0;4;2;6
2013-10-22;0;1;3;1;5
2013-10-23;0;6;2;6;14
2013-10-24;0;2;0;4;6
2013-10-25;0;1;2;0;3
2013-10-26;0;0;0;0;0
2013-10-27;0;0;1;1;2
2013-10-28;0;2;0;0;2
2013-10-29;0;2;3;2;7
2013-10-30;0;0;5;0;5
2013-10-31;0;0;6;1;7
2013-11-01;0;0;2;0;2
2013-11-02;0;0;1;2;3
2013-11-03;0;0;10;2;12
2013-11-04;0;0;4;0;4
2013-11-05;0;0;3;14;17
2013-11-06;0;0;13;12;25
2013-11-07;0;0;8;3;11
2013-11-08;0;1;7;1;9
2013-11-09;0;0;3;6;9
2013-11-10;0;0;5;5;10
2013-11-11;0;0;5;6;11
2013-11-12;0;0;10;2;12
2013-11-13;0;0;5;0;5
2013-11-14;0;0;5;7;12
2013-11-15;0;5;7;2;14
2013-11-16;0;26;1;0;27
2013-11-17;0;0;6;5;11
2013-11-18;0;1;6;2;9
2013-11-19;0;1;28;5;34
2013-11-20;0;0;27;7;34
2013-11-21;0;0;52;10;62
2013-11-22;0;0;36;7;43
2013-11-23;0;0;27;1;28
2013-11-24;1;0;33;9;43
2013-11-25;1;0;17;17;35
2013-11-26;0;0;26;25;51
2013-11-27;0;0;14;15;29
2013-11-28;0;0;19;20;39
2013-11-29;0;0;20;32;52
2013-11-30;0;0;38;39;77
2013-12-01;0;0;40;30;70
2013-12-02;0;2;19;31;52
2013-12-03;0;6;23;35;64
2013-12-04;0;1;9;40;50
2013-12-05;0;3;12;26;41
2013-12-06;0;0;19;25;44
2013-12-07;0;0;42;57;99
2013-12-08;0;0;14;50;64
2013-12-09;0;0;8;57;65
2013-12-10;0;0;4;52;56
2013-12-11;0;8;10;93;113
2013-12-12;0;1;8;55;64
2013-12-13;0;0;7;34;41
2013-12-14;0;1;9;45;55
2013-12-15;0;2;11;39;52
2013-12-16;0;0;3;35;38
2013-12-17;0;0;21;39;60
2013-12-18;0;0;7;39;46
2013-12-19;0;0;7;41;48
2013-12-20;0;0;11;29;40
2013-12-21;0;2;17;20;39
2013-12-22;0;0;13;46;59
2013-12-23;0;1;13;38;52
2013-12-24;0;4;1;34;39
2013-12-25;0;1;13;24;38
2013-12-26;1;1;17;28;47
2013-12-27;0;0;8;40;48
2013-12-28;0;5;5;32;42
2013-12-29;0;1;13;35;49
2013-12-30;0;0;15;31;46
2013-12-31;0;3;19;48;70
2014-01-01;0;0;6;34;40
2014-01-02;0;0;5;41;47
2014-01-03;0;2;5;61;68
2014-01-04;3;1;15;47;66
2014-01-05;2;0;11;42;55
2014-01-06;0;0;3;47;50
2014-01-07;0;0;6;59;65
2014-01-08;0;0;14;51;65
2014-01-09;0;0;4;41;45
2014-01-10;0;0;20;45;65
2014-01-11;0;0;34;52;86
2014-01-12;0;0;55;73;128
2014-01-13;0;0;28;31;59
2014-01-14;0;0;16;50;66
2014-01-15;0;0;25;52;77
2014-01-16;0;0;8;74;82
2014-01-17;0;0;4;41;45
2014-01-18;0;0;3;30;33
2014-01-19;0;0;9;29;38
2014-01-20;0;0;20;38;58
2014-01-21;0;0;34;25;59
2014-01-22;0;0;19;58;77
2014-01-23;0;0;15;28;43
2014-01-24;0;0;15;47;62
2014-01-25;0;0;8;48;56
2014-01-26;0;0;21;49;70
2014-01-27;0;0;17;37;54
2014-01-28;0;0;22;33;55
2014-01-29;0;0;13;36;49
2014-01-30;0;0;15;52;67
2014-01-31;0;0;31;42;73
2014-02-01;0;0;13;31;44
2014-02-02;0;0;3;49;52
2014-02-03;0;0;14;37;51
2014-02-04;0;0;4;43;47
2014-02-05;0;0;13;40;53
2014-02-06;0;0;11;42;53
2014-02-07;0;0;5;35;40
2014-02-08;0;0;6;44;50
2014-02-09;0;0;8;46;54
2014-02-10;0;0;7;40;47
2014-02-11;0;2;16;61;79
2014-02-12;0;0;11;43;54
2014-02-13;0;1;1;30;32
2014-02-14;0;0;12;62;74
2014-02-15;0;1;8;44;54
2014-02-16;0;0;8;40;48
2014-02-17;0;0;15;46;61
2014-02-18;0;0;12;66;78
2014-02-19;0;0;17;40;57
2014-02-20;0;2;16;47;65
2014-02-21;0;1;6;44;51
2014-02-22;0;0;7;54;61
2014-02-23;0;0;10;36;46
2014-02-24;0;0;24;40;64
2014-02-25;0;0;14;41;55
2014-02-26;0;0;13;26;39
2014-02-27;0;0;8;26;34
2014-02-28;0;0;10;24;34
2014-03-01;0;0;7;23;30
2014-03-02;0;0;2;14;16
2014-03-03;0;0;3;12;15
2014-03-04;0;0;4;23;27
2014-03-05;0;0;4;21;25
2014-03-06;0;0;5;25;30
2014-03-07;0;3;3;46;52
2014-03-08;0;0;0;29;29
2014-03-09;0;0;0;28;28
2014-03-10;0;0;11;34;45
2014-03-11;0;0;6;39;45
2014-03-12;0;0;13;49;62
2014-03-13;0;0;6;45;51
2014-03-14;0;0;9;45;54
2014-03-15;0;0;9;60;69
2014-03-16;0;0;4;60;64
2014-03-17;0;0;13;37;50
2014-03-18;0;2;10;92;104
2014-03-19;0;0;10;91;101
2014-03-20;4;7;5;65;82
2014-03-21;0;2;7;70;80
2014-03-22;0;0;4;50;54
2014-03-23;0;1;2;45;48
2014-03-24;0;0;9;60;69
2014-03-25;0;3;8;66;77
2014-03-26;0;0;10;51;61
2014-03-27;0;0;11;57;68
2014-03-28;0;0;5;45;50
2014-03-29;0;0;7;34;41
2014-03-30;0;0;6;25;31
2014-03-31;0;0;5;49;54
2014-04-01;0;0;7;45;52
2014-04-02;0;0;9;51;60
2014-04-03;0;0;9;54;63
2014-04-04;0;0;9;55;64
2014-04-05;0;0;2;38;40
2014-04-06;0;0;3;31;34
2014-04-07;0;0;7;47;54
2014-04-08;0;0;18;36;54
2014-04-09;0;1;21;62;84
2014-04-10;1;0;4;31;36
2014-04-11;0;0;5;44;49
2014-04-12;0;0;2;34;36
2014-04-13;0;0;5;46;51
2014-04-14;0;2;3;41;46
2014-04-15;0;0;9;56;65
2014-04-16;0;0;3;31;34
2014-04-17;0;0;2;46;48
2014-04-18;0;0;4;36;40
2014-04-19;0;0;3;27;30
2014-04-20;0;0;4;40;44
2014-04-21;0;0;4;30;34
2014-04-22;0;0;2;38;40
2014-04-23;0;0;7;29;36
2014-04-24;0;2;6;29;37
2014-04-25;0;0;8;45;53
2014-04-26;0;0;7;23;30
2014-04-27;0;0;1;20;21
2014-04-28;0;0;6;29;35
2014-04-29;0;0;4;35;39
2014-04-30;0;0;3;24;27
2014-05-01;0;0;1;32;33
2014-05-02;0;0;1;38;39
2014-05-03;0;0;1;25;26
2014-05-04;0;0;1;16;17
2014-05-05;0;1;5;32;38
2014-05-06;0;2;0;29;31
2014-05-07;0;0;8;13;21
2014-05-08;0;0;1;29;30
2014-05-09;0;0;3;35;38
2014-05-10;0;0;7;23;30
2014-05-11;0;0;5;13;18
2014-05-12;0;0;3;16;19
2014-05-13;0;0;4;19;23
2014-05-14;0;0;15;9;24
2014-05-15;0;0;10;18;28
2014-05-16;0;2;2;13;17
2014-05-17;0;0;4;4;8
2014-05-18;0;1;11;19;31
2014-05-19;3;1;6;19;29
2014-05-20;5;0;15;7;27
2014-05-21;6;0;13;10;29
2014-05-22;4;0;10;7;21
2014-05-23;2;1;16;10;29
2014-05-24;3;0;5;7;15
2014-05-25;3;0;6;3;12
2014-05-26;2;1;6;13;22
2014-05-27;1;0;15;9;25
2014-05-28;0;0;4;9;13
2014-05-29;0;0;24;5;29
2014-05-30;0;0;6;5;11
2014-05-31;0;0;2;4;6
2014-06-01;0;0;18;1;19
2014-06-02;0;0;18;0;18
2014-06-03;0;0;2;0;2
2014-06-04;2;0;7;0;9
2014-06-05;2;1;2;0;5
2014-06-06;0;0;5;0;5
2014-06-07;0;0;9;0;9
2014-06-08;0;0;9;0;9
2014-06-09;0;0;1;0;1
2014-06-10;0;0;4;0;4
2014-06-11;0;0;3;0;3
2014-06-12;0;0;5;0;5
2014-06-13;0;0;4;0;4
2014-06-14;0;0;7;0;7
2014-06-15;0;0;4;0;4
2014-06-16;0;0;3;0;3
2014-06-17;0;0;5;0;5
2014-06-18;0;0;4;0;4
2014-06-19;0;0;0;0;0
2014-06-20;0;1;4;0;5
2014-06-21;0;0;0;0;0
2014-06-22;0;3;8;1;12
2014-06-23;0;0;0;0;0
2014-06-24;0;0;1;0;1
2014-06-25;0;0;2;0;2
2014-06-26;1;1;2;1;5
2014-06-27;0;1;1;0;2
2014-06-28;0;2;0;0;2
2014-06-29;0;0;1;0;1
2014-06-30;0;1;0;0;1
2014-07-01;0;0;3;0;3
2014-07-02;0;0;0;0;0
2014-07-03;0;0;2;0;2
2014-07-04;0;0;0;0;0
2014-07-05;0;0;2;0;2
2014-07-06;0;0;0;0;0
2014-07-07;3;0;0;0;3
2014-07-08;0;4;0;0;4
2014-07-09;0;1;0;0;1
2014-07-10;0;0;0;1;1
2014-07-11;0;0;0;0;0
2014-07-12;0;1;0;0;1
2014-07-13;0;2;0;0;2
2014-07-14;0;0;0;0;0
2014-07-15;0;4;0;0;4
2014-07-16;0;0;0;0;0
2014-07-17;0;0;0;0;0
2014-07-18;0;1;0;0;1
2014-07-19;0;0;0;0;0
2014-07-20;0;0;0;0;0
2014-07-21;0;3;0;0;3
2014-07-22;0;2;0;0;2
2014-07-23;0;0;0;0;0
2014-07-24;0;0;0;0;0
2014-07-25;0;2;0;0;2
2014-07-26;0;0;0;0;0
2014-07-27;0;1;0;0;1
2014-07-28;0;0;0;0;0
2014-07-29;0;0;0;0;0
2014-07-30;0;0;0;0;0
2014-07-31;0;1;0;0;1
2014-08-01;0;0;0;0;0
2014-08-02;0;1;0;0;1
2014-08-03;0;0;0;0;0
2014-08-04;0;0;0;0;0
2014-08-05;0;2;0;0;2
2014-08-06;0;0;0;0;0
2014-08-07;0;3;0;0;3
2014-08-08;0;3;0;0;3
2014-08-09;0;0;0;0;0
2014-08-10;0;1;0;0;1
2014-08-11;0;1;0;0;1
2014-08-12;0;0;0;0;0
2014-08-13;0;0;0;0;0
2014-08-14;0;0;0;0;0
2014-08-15;0;0;0;0;0
2014-08-16;0;0;0;0;0
2014-08-17;0;0;0;0;0
2014-08-18;0;0;0;0;0
2014-08-19;0;5;0;0;5
2014-08-20;0;2;0;0;2
2014-08-21;0;3;0;0;3
2014-08-22;0;1;0;0;1
2014-08-23;0;0;0;0;0
2014-08-24;0;1;0;0;1
2014-08-25;0;1;0;0;1
2014-08-26;0;0;0;0;0
2014-08-27;0;0;0;0;0
2014-08-28;0;0;0;0;0
2014-08-29;0;0;0;0;0
2014-08-30;0;3;0;0;3
2014-08-31;0;1;0;0;1
2014-09-01;0;1;0;0;1
2014-09-02;0;0;0;0;0
2014-09-03;0;0;0;0;0
2014-09-04;0;0;0;0;0
2014-09-05;0;1;0;0;1
2014-09-06;0;0;0;0;0
2014-09-07;0;0;0;0;0
2014-09-08;0;1;0;0;1
2014-09-09;0;0;0;0;0
2014-09-10;0;0;0;0;0
2014-09-11;0;2;0;0;2
2014-09-12;0;0;0;0;0
2014-09-13;0;0;0;0;0
2014-09-14;0;0;0;0;0
2014-09-15;0;0;0;0;0
2014-09-16;0;0;0;0;0
2014-09-17;0;0;0;0;0
2014-09-18;0;0;0;0;0
2014-09-19;0;0;0;0;0
2014-09-20;0;0;0;0;0
2014-09-21;0;2;0;0;2
2014-09-22;0;2;1;1;4
2014-09-23;0;0;0;0;0
2014-09-24;0;0;3;0;3
2014-09-25;0;0;0;0;0
2014-09-26;1;0;0;0;1
2014-09-27;0;1;0;0;1
2014-09-28;0;1;0;0;1
2014-09-29;1;3;0;0;4
2014-09-30;1;0;0;0;1
2014-10-01;1;1;0;0;2
2014-10-02;0;0;0;0;0
2014-10-03;0;1;0;0;1
2014-10-04;0;1;0;0;1
2014-10-05;0;0;0;0;0
2014-10-06;0;0;0;0;0
2014-10-07;0;1;0;0;1
2014-10-08;0;0;0;0;0
2014-10-09;0;2;1;0;3
2014-10-10;0;0;0;0;0
2014-10-11;0;0;0;0;0
2014-10-12;0;2;3;0;5
2014-10-13;0;1;1;0;2
2014-10-14;0;0;0;0;0
2014-10-15;0;1;2;0;3
2014-10-16;0;0;0;0;0
2014-10-17;0;0;0;2;2
2014-10-18;0;1;1;0;2
2014-10-19;0;0;1;0;1
2014-10-20;0;0;3;0;3
2014-10-21;0;0;3;0;3
2014-10-22;0;3;5;0;8
2014-10-23;0;0;0;0;0
2014-10-24;0;1;1;0;2
2014-10-25;1;1;1;0;3
2014-10-26;0;2;0;0;2
2014-10-27;0;1;0;0;1
2014-10-28;3;13;1;0;17
2014-10-29;1;5;3;0;9
2014-10-30;0;1;5;0;6
2014-10-31;0;5;4;1;10
2014-11-01;0;0;3;2;5
2014-11-02;0;0;4;0;4
2014-11-03;0;0;2;0;2
2014-11-04;0;0;8;2;10
2014-11-05;0;1;7;2;10
2014-11-06;0;0;7;2;9
2014-11-07;0;1;10;3;14
2014-11-08;0;0;3;2;5
2014-11-09;0;0;5;1;6
2014-11-10;0;0;3;1;4
2014-11-11;0;2;11;3;16
2014-11-12;0;1;10;1;12
2014-11-13;0;1;4;4;9
2014-11-14;0;1;4;1;6
2014-11-15;0;0;4;3;7
2014-11-16;0;0;5;5;10
2014-11-17;0;0;10;3;13
2014-11-18;0;1;5;5;11
2014-11-19;0;1;2;3;6
2014-11-20;0;0;8;1;9
2014-11-21;0;0;10;2;12
2014-11-22;0;2;18;5;25
2014-11-23;0;0;7;6;13
2014-11-24;0;0;5;14;19
2014-11-25;0;2;15;19;36
2014-11-26;0;1;11;19;31
2014-11-27;1;2;11;13;27
2014-11-28;0;0;11;20;31
2014-11-29;0;0;14;20;34
2014-11-30;0;0;27;7;34
2014-12-01;0;0;26;11;37
2014-12-02;0;2;12;19;33
2014-12-03;0;6;12;38;56
2014-12-04;0;2;15;34;51
2014-12-05;0;3;8;24;35
2014-12-06;0;2;26;27;55
2014-12-07;0;2;10;31;43
2014-12-08;0;1;13;23;37
2014-12-09;0;3;14;65;82
2014-12-10;0;6;15;32;53
2014-12-11;0;6;14;53;73
2014-12-12;0;3;19;34;56
2014-12-13;0;0;29;35;64
2014-12-14;0;3;24;26;53
2014-12-15;0;3;2;43;48
2014-12-16;0;2;22;44;68
2014-12-17;0;3;23;41;67
2014-12-18;0;1;11;34;46
2014-12-19;0;2;27;50;79
2014-12-20;0;0;20;47;67
2014-12-21;0;2;19;53;74
2014-12-22;0;2;3;49;54
2014-12-23;0;0;9;58;67
2014-12-24;0;1;12;26;39
2014-12-25;0;1;28;45;74
2014-12-26;0;4;22;82;108
2014-12-27;0;2;43;65;110
2014-12-28;0;2;22;61;85
2014-12-29;0;1;20;103;124
2014-12-30;0;47;13;68;128
2014-12-31;0;14;27;60;101
2015-01-01;0;20;30;33;83
2015-01-02;0;13;43;54;110
2015-01-03;0;2;15;60;77
2015-01-04;0;1;44;61;106
2015-01-05;1;6;19;47;73
2015-01-06;0;7;16;61;84
2015-01-07;0;5;12;50;67
2015-01-08;0;3;19;55;77
2015-01-09;0;3;19;60;82
2015-01-10;0;5;8;60;73
2015-01-11;0;3;8;47;58
2015-01-12;0;5;6;71;82
2015-01-13;0;5;4;82;91
2015-01-14;0;0;13;69;82
2015-01-15;0;3;9;73;85
2015-01-16;0;1;8;79;88
2015-01-17;0;2;15;53;70
2015-01-18;0;0;42;52;94
2015-01-19;0;2;36;50;88
2015-01-20;0;4;15;51;70
2015-01-21;0;5;44;40;89
2015-01-22;0;2;14;82;98
2015-01-23;0;4;13;49;66
2015-01-24;0;3;15;52;70
2015-01-25;0;0;5;52;57
2015-01-26;0;4;4;53;61
2015-01-27;0;1;3;48;52
2015-01-28;0;18;9;63;90
2015-01-29;0;5;6;63;74
2015-01-30;0;1;10;40;51
2015-01-31;0;3;11;61;75
2015-02-01;0;0;36;57;93
2015-02-02;0;5;25;61;91
2015-02-03;0;2;15;73;90
2015-02-04;0;1;18;63;82
2015-02-05;0;0;19;44;63
2015-02-06;0;2;20;78;100
2015-02-07;0;8;10;59;77
2015-02-08;0;5;14;83;102
2015-02-09;0;36;6;71;113
2015-02-10;0;11;6;67;84
2015-02-11;0;13;20;83;116
2015-02-12;0;20;8;54;82
2015-02-13;0;4;15;74;93
2015-02-14;0;3;7;67;77
2015-02-15;0;2;13;45;60
2015-02-16;0;8;28;53;89
2015-02-17;0;9;12;57;78
2015-02-18;0;15;19;82;116
2015-02-19;1;22;4;62;89
2015-02-20;0;15;13;85;113
2015-02-21;0;1;33;63;97
2015-02-22;0;2;32;47;81
2015-02-23;0;3;6;45;54
2015-02-24;0;7;1;67;75
2015-02-25;0;5;7;57;69
2015-02-26;0;4;2;54;60
2015-02-27;0;10;9;53;72
2015-02-28;0;3;13;35;51
2015-03-01;0;3;4;33;40
2015-03-02;0;20;1;56;77
2015-03-03;0;5;4;64;73
2015-03-04;0;7;15;48;70
2015-03-05;0;15;7;51;73
2015-03-06;0;10;9;60;79
2015-03-07;0;13;11;47;71
2015-03-08;0;23;15;62;100
2015-03-09;0;4;23;49;76
2015-03-10;0;11;5;62;78
2015-03-11;0;14;11;78;103
2015-03-12;0;5;9;53;67
2015-03-13;0;7;7;69;83
2015-03-14;0;2;8;42;52
2015-03-15;0;4;13;43;60
2015-03-16;0;7;12;47;66
2015-03-17;0;6;1;49;56
2015-03-18;0;17;7;43;67
2015-03-19;0;7;3;45;55
2015-03-20;0;5;14;39;58
2015-03-21;0;0;10;43;53
2015-03-22;0;1;5;35;41
2015-03-23;0;12;5;46;63
2015-03-24;0;7;7;75;89
2015-03-25;0;11;8;49;68
2015-03-26;0;1;8;50;59
2015-03-27;0;6;6;60;72
2015-03-28;0;1;3;34;38
2015-03-29;0;5;2;41;48
2015-03-30;0;3;12;52;67
2015-03-31;0;10;7;57;74
2015-04-01;0;7;3;56;66
2015-04-02;0;2;0;65;67
2015-04-03;0;2;6;78;86
2015-04-04;0;1;7;50;58
2015-04-05;0;1;2;54;57
2015-04-06;0;4;10;47;61
2015-04-07;0;19;1;39;59
2015-04-08;0;10;18;50;78
2015-04-09;0;13;1;47;61
2015-04-10;0;3;17;47;67
2015-04-11;0;3;4;44;51
2015-04-12;0;4;6;32;42
2015-04-13;0;8;8;56;72
2015-04-14;0;8;23;46;77
2015-04-15;0;15;2;43;60
2015-04-16;0;4;3;35;42
2015-04-17;0;9;12;50;71
2015-04-18;0;2;9;19;30
2015-04-19;0;4;7;18;29
2015-04-20;0;8;18;29;55
2015-04-21;0;10;4;20;34
2015-04-22;0;13;10;47;70
2015-04-23;0;9;12;39;60
2015-04-24;0;13;6;41;60
2015-04-25;0;6;2;30;38
2015-04-26;0;4;7;34;45
2015-04-27;0;11;0;30;42
2015-04-28;0;7;1;30;38
2015-04-29;0;23;10;28;61
2015-04-30;0;9;5;31;45
2015-05-01;0;4;0;28;32
2015-05-02;0;2;5;30;37
2015-05-03;0;3;1;27;31
2015-05-04;0;7;3;16;26
2015-05-05;0;30;4;23;57
2015-05-06;0;11;7;25;43
2015-05-07;0;6;15;28;49
2015-05-08;0;6;6;38;50
2015-05-09;0;2;3;18;23
2015-05-10;0;1;9;22;32
2015-05-11;0;4;9;10;23
2015-05-12;0;8;3;22;33
2015-05-13;0;5;9;5;19
2015-05-14;0;1;13;29;43
2015-05-15;0;2;6;21;29
2015-05-16;0;0;2;14;16
2015-05-17;0;2;1;7;10
2015-05-18;0;1;12;12;25
2015-05-19;0;6;19;10;35
2015-05-20;0;2;8;21;31
2015-05-21;0;37;4;10;51
2015-05-22;0;1;6;13;20
2015-05-23;0;2;7;19;28
2015-05-24;0;23;3;10;36
2015-05-25;0;7;20;16;43
2015-05-26;0;8;3;14;25
2015-05-27;0;5;8;6;19
2015-05-28;0;10;14;8;32
2015-05-29;0;7;4;26;37
2015-05-30;0;3;2;6;11
2015-05-31;0;2;4;8;14
2015-06-01;0;7;8;1;16
2015-06-02;0;12;5;2;19
2015-06-03;0;6;3;1;10
2015-06-04;0;5;5;1;11
2015-06-05;0;9;4;4;17
2015-06-06;1;5;3;2;11
2015-06-07;0;1;4;1;6
2015-06-08;0;8;14;2;24
2015-06-09;0;7;3;0;10
2015-06-10;0;4;2;1;7
2015-06-11;0;4;0;0;4
2015-06-12;0;7;4;0;11
2015-06-13;0;0;8;4;12
2015-06-14;0;3;8;0;11
2015-06-15;0;1;9;0;10
2015-06-16;0;5;13;0;18
2015-06-17;0;9;1;1;11
2015-06-18;0;3;11;0;14
2015-06-19;1;1;12;0;14
2015-06-20;1;2;16;0;19
2015-06-21;0;1;4;1;6
2015-06-22;0;2;19;0;21
2015-06-23;0;2;2;0;4
2015-06-24;0;1;0;0;1
2015-06-25;0;0;4;0;4
2015-06-26;0;2;3;3;8
2015-06-27;0;3;2;1;6
2015-06-28;0;0;0;0;0
2015-06-29;0;2;14;0;16
2015-06-30;0;4;1;0;5
2015-07-01;0;5;3;0;8
2015-07-02;0;2;4;0;6
2015-07-03;0;3;2;0;5
2015-07-04;1;1;3;0;5
2015-07-05;0;2;2;1;5
2015-07-06;0;6;1;0;7
2015-07-07;0;5;0;0;5
2015-07-08;0;4;0;0;4
2015-07-09;0;0;1;0;1
2015-07-10;0;3;4;0;7
2015-07-11;0;3;8;0;11
2015-07-12;0;0;1;0;1
2015-07-13;0;2;1;0;3
2015-07-14;0;3;1;0;4
2015-07-15;0;0;1;0;1
2015-07-16;0;1;1;1;3
2015-07-17;0;1;1;0;2
2015-07-18;0;3;0;0;3
2015-07-19;0;0;0;0;0
2015-07-20;0;1;0;0;1
2015-07-21;0;4;1;0;5
2015-07-22;0;2;0;0;2
2015-07-23;0;0;0;0;0
2015-07-24;0;3;0;0;3
2015-07-25;0;0;1;0;1
2015-07-26;0;1;0;0;1
2015-07-27;0;1;1;0;2
2015-07-28;0;1;0;0;1
2015-07-29;0;5;0;0;5
2015-07-30;0;5;2;0;7
2015-07-31;0;0;0;0;0
2015-08-01;0;1;1;0;2
2015-08-02;0;2;1;0;3
2015-08-03;0;4;2;0;6
2015-08-04;0;2;0;0;2
2015-08-05;0;4;1;0;5
2015-08-06;0;3;0;0;3
2015-08-07;0;0;1;0;1
2015-08-08;0;1;2;0;3
2015-08-09;0;0;1;0;1
2015-08-10;0;1;0;2;3
2015-08-11;0;3;1;0;4
2015-08-12;0;10;2;2;14
2015-08-13;0;0;5;0;5
2015-08-14;0;3;5;0;8
2015-08-15;0;3;1;0;4
2015-08-16;0;0;0;0;0
2015-08-17;0;1;1;0;2
2015-08-18;0;1;10;0;11
2015-08-19;0;0;0;0;0
2015-08-20;0;2;0;0;2
2015-08-21;0;1;8;0;9
2015-08-22;0;1;1;0;2
2015-08-23;0;0;0;0;0
2015-08-24;0;3;0;0;3
2015-08-25;0;5;0;0;5
2015-08-26;0;7;0;0;7
2015-08-27;1;3;0;0;4
2015-08-28;0;5;0;0;5
2015-08-29;0;1;0;0;1
2015-08-30;0;2;0;0;2
2015-08-31;0;6;0;0;6
2015-09-01;0;17;0;0;17
2015-09-02;1;13;0;0;14
2015-09-03;2;8;0;0;10
2015-09-04;0;1;0;0;1
2015-09-05;0;4;0;0;4
2015-09-06;0;1;0;0;1
2015-09-07;0;5;0;0;5
2015-09-08;0;7;0;0;7
2015-09-09;0;2;0;0;2
2015-09-10;0;1;0;0;1
2015-09-11;0;3;0;0;3
2015-09-12;0;1;0;0;1
2015-09-13;0;0;0;1;1
2015-09-14;1;9;0;0;10
2015-09-15;1;14;0;0;15
2015-09-16;0;4;0;0;4
2015-09-17;1;10;0;0;11
2015-09-18;0;3;0;0;3
2015-09-19;0;3;0;0;3
2015-09-20;0;3;0;0;3
2015-09-21;0;5;0;2;7
2015-09-22;0;3;0;0;3
2015-09-23;0;4;0;0;4
2015-09-24;0;0;0;0;0
2015-09-25;0;5;0;0;5
2015-09-26;0;3;0;0;3
2015-09-27;0;2;0;0;2
2015-09-28;0;2;0;0;2
2015-09-29;0;7;0;0;7
2015-09-30;0;4;0;0;4
2015-10-01;0;13;0;0;13
2015-10-02;0;17;0;1;18
2015-10-03;0;3;0;0;3
2015-10-04;0;0;0;0;0
2015-10-05;0;6;0;0;6
2015-10-06;0;0;0;0;0
2015-10-07;0;2;2;2;6
2015-10-08;0;1;0;0;1
2015-10-09;0;6;1;2;9
2015-10-10;0;4;1;1;6
2015-10-11;0;0;0;0;0
2015-10-12;0;6;0;0;6
2015-10-13;0;3;1;1;5
2015-10-14;0;3;11;0;14
2015-10-15;0;1;1;1;3
2015-10-16;0;3;4;1;8
2015-10-17;0;1;4;2;7
2015-10-18;1;3;1;1;6
2015-10-19;1;6;5;1;13
2015-10-20;0;3;4;1;8
2015-10-21;0;1;6;1;8
2015-10-22;0;5;6;1;12
2015-10-23;0;2;8;2;12
2015-10-24;0;0;0;2;2
2015-10-25;0;4;0;4;8
2015-10-26;0;5;1;2;8
2015-10-27;0;3;27;6;36
2015-10-28;0;1;2;4;7
2015-10-29;0;1;4;2;7
2015-10-30;0;5;4;5;14
2015-10-31;0;1;3;1;5
2015-11-01;0;5;7;2;14
2015-11-02;0;7;1;2;10
2015-11-03;0;5;0;3;8
2015-11-04;0;2;2;2;6
2015-11-05;0;3;2;3;8
2015-11-06;0;6;1;1;8
2015-11-07;0;0;5;5;10
2015-11-08;0;0;1;2;3
2015-11-09;0;4;2;2;8
2015-11-10;0;6;2;2;10
2015-11-11;0;1;8;2;11
2015-11-12;0;1;13;3;17
2015-11-13;0;2;1;3;6
2015-11-14;0;4;13;3;20
2015-11-15;0;0;9;7;16
2015-11-16;0;6;16;13;35
2015-11-17;0;2;13;13;28
2015-11-18;0;1;5;9;15
2015-11-19;0;3;14;5;22
2015-11-20;1;4;28;8;41
2015-11-21;0;1;38;17;56
2015-11-22;0;0;55;11;66
2015-11-23;0;0;29;14;43
2015-11-24;0;4;7;11;22
2015-11-25;0;3;5;6;14
2015-11-26;0;11;15;20;46
2015-11-27;0;24;20;16;60
2015-11-28;0;3;12;27;42
2015-11-29;0;1;14;26;41
2015-11-30;2;4;11;32;49
2015-12-01;0;2;21;58;81
2015-12-02;0;2;1;24;27
2015-12-03;0;5;14;41;60
2015-12-04;0;4;7;70;81
2015-12-05;0;18;12;40;70
2015-12-06;0;9;17;52;78
2015-12-07;0;6;17;47;70
2015-12-08;0;3;11;48;62
2015-12-09;0;10;8;95;113
2015-12-10;0;5;8;66;79
2015-12-11;0;4;15;46;65
2015-12-12;0;1;40;30;71
2015-12-13;0;1;71;41;113
2015-12-14;0;1;29;40;70
2015-12-15;0;1;46;89;136
2015-12-16;0;2;36;51;89
2015-12-17;1;1;16;39;57
2015-12-18;0;7;18;38;63
2015-12-19;1;8;40;28;77
2015-12-20;3;10;31;32;76
2015-12-21;2;11;22;35;70
2015-12-22;0;4;16;44;64
2015-12-23;0;1;14;37;52
2015-12-24;0;1;7;23;31
2015-12-25;0;3;18;27;48
2015-12-26;0;1;51;50;102
2015-12-27;0;0;24;38;62
2015-12-28;0;2;31;60;93
2015-12-29;0;5;21;48;74
2015-12-30;0;7;19;47;73
2015-12-31;0;5;9;33;47
2016-01-01;0;2;13;30;45
2016-01-02;0;4;19;39;62
2016-01-03;0;1;33;49;83
2016-01-04;0;6;34;31;71
2016-01-05;0;2;39;38;79
2016-01-06;0;2;54;42;98
2016-01-07;0;1;33;34;68
2016-01-08;0;1;30;49;80
2016-01-09;0;3;38;50;91
2016-01-10;0;2;21;50;73
2016-01-11;0;1;8;49;58
2016-01-12;0;3;40;39;82
2016-01-13;0;1;43;38;82
2016-01-14;0;0;23;38;61
2016-01-15;0;0;32;55;87
2016-01-16;0;0;32;79;111
2016-01-17;0;1;25;81;107
2016-01-18;0;0;49;73;122
2016-01-19;0;1;29;62;92
2016-01-20;0;1;60;73;134
2016-01-21;0;0;76;68;144
2016-01-22;0;1;14;77;92
2016-01-23;0;0;48;70;118
2016-01-24;0;2;21;69;92
2016-01-25;0;6;29;44;79
2016-01-26;0;12;19;41;72
2016-01-27;1;9;17;52;79
2016-01-28;1;4;35;63;103
2016-01-29;1;18;20;47;86
2016-01-30;0;4;19;62;85
2016-01-31;0;0;20;79;99
2016-02-01;0;5;9;70;84
2016-02-02;0;7;5;76;88
2016-02-03;0;3;7;75;85
2016-02-04;0;5;11;72;88
2016-02-05;0;2;16;80;98
2016-02-06;0;0;30;135;165
2016-02-07;0;1;7;95;103
2016-02-08;1;9;4;62;76
2016-02-09;0;10;2;56;68
2016-02-10;0;2;12;81;95
2016-02-11;0;4;33;75;112
2016-02-12;0;0;40;90;130
2016-02-13;0;0;29;78;107
2016-02-14;0;0;23;74;97
2016-02-15;0;4;30;47;81
2016-02-16;0;2;44;94;140
2016-02-17;0;9;25;94;128
2016-02-18;0;3;11;73;87
2016-02-19;0;1;32;72;105
2016-02-20;0;3;10;73;86
2016-02-21;0;1;5;55;61
2016-02-22;0;2;3;48;53
2016-02-23;0;9;5;73;87
2016-02-24;0;7;4;81;92
2016-02-25;0;1;19;81;101
2016-02-26;0;5;12;101;118
2016-02-27;0;3;23;86;112
2016-02-28;0;0;13;75;88
2016-02-29;0;6;26;76;108
2016-03-01;0;5;12;84;101
2016-03-02;0;4;11;89;104
2016-03-03;0;1;5;65;71
2016-03-04;0;3;5;55;63
2016-03-05;0;1;8;68;77
2016-03-06;0;2;14;43;59
2016-03-07;0;7;6;37;50
2016-03-08;0;2;15;55;72
2016-03-09;0;3;15;54;72
2016-03-10;0;8;2;51;61
2016-03-11;0;7;8;58;73
2016-03-12;0;6;4;50;60
2016-03-13;0;7;8;57;72
2016-03-14;0;19;6;65;90
2016-03-15;0;19;16;66;101
2016-03-16;0;10;16;60;86
2016-03-17;1;12;12;57;82
2016-03-18;0;15;5;66;86
2016-03-19;0;5;8;76;89
2016-03-20;0;5;12;45;62
2016-03-21;0;5;10;67;82
2016-03-22;0;7;17;73;97
2016-03-23;0;2;2;75;79
2016-03-24;0;5;17;61;83
2016-03-25;0;3;8;57;68
2016-03-26;0;5;2;60;67
2016-03-27;0;9;7;48;64
2016-03-28;0;7;6;49;62
2016-03-29;0;24;5;34;63
2016-03-30;0;49;1;52;102
2016-03-31;0;13;0;46;59
2016-04-01;0;11;17;43;71
2016-04-02;0;5;0;36;41
2016-04-03;0;8;10;39;57
2016-04-04;0;28;1;36;65
2016-04-05;0;8;11;39;58
2016-04-06;0;8;2;46;56
2016-04-07;0;6;4;36;46
2016-04-08;0;9;6;44;59
2016-04-09;0;2;17;46;65
2016-04-10;0;7;7;33;47
2016-04-11;0;9;21;20;50
2016-04-12;0;5;4;47;56
2016-04-13;0;9;13;45;67
2016-04-14;0;15;10;38;63
2016-04-15;0;7;10;43;60
2016-04-16;0;0;13;51;64
2016-04-17;0;3;8;33;44
2016-04-18;8;8;16;31;63
2016-04-19;0;11;12;49;72
2016-04-20;0;8;16;48;72
2016-04-21;0;3;8;42;53
2016-04-22;0;5;4;64;73
2016-04-23;0;4;4;52;60
2016-04-24;0;0;0;39;39
2016-04-25;0;5;1;35;41
2016-04-26;0;9;4;52;65
2016-04-27;0;5;8;44;57
2016-04-28;0;6;11;44;61
2016-04-29;0;5;11;46;62
2016-04-30;1;4;4;58;67
2016-05-01;0;1;13;67;81
2016-05-02;0;10;7;40;57
2016-05-03;0;8;4;41;53
2016-05-04;0;5;8;37;50
2016-05-05;0;2;6;35;43
2016-05-06;0;1;9;40;50
2016-05-07;0;0;7;40;47
2016-05-08;0;3;7;33;43
2016-05-09;0;9;20;25;54
2016-05-10;0;18;6;19;43
2016-05-11;1;4;20;36;61
2016-05-12;0;8;10;22;40
2016-05-13;0;21;6;21;48
2016-05-14;0;0;4;25;29
2016-05-15;0;0;3;23;26
2016-05-16;0;1;2;22;25
2016-05-17;0;1;6;10;17
2016-05-18;0;5;6;17;28
2016-05-19;0;5;5;32;42
2016-05-20;0;9;6;13;28
2016-05-21;0;0;6;17;23
2016-05-22;0;2;7;23;32
2016-05-23;0;10;4;12;26
2016-05-24;0;9;28;20;57
2016-05-25;0;0;16;27;43
2016-05-26;1;3;8;15;27
2016-05-27;0;5;10;16;31
2016-05-28;0;0;7;6;13
2016-05-29;0;2;4;7;13
2016-05-30;0;5;6;3;14
2016-05-31;0;4;9;0;13
2016-06-01;0;25;8;2;35
2016-06-02;0;18;25;0;43
2016-06-03;0;3;16;0;19
2016-06-04;0;1;12;1;14
2016-06-05;0;0;8;1;9
2016-06-06;0;3;3;0;6
2016-06-07;0;10;9;1;20
2016-06-08;0;12;11;1;24
2016-06-09;0;5;4;0;9
2016-06-10;0;0;6;0;6
2016-06-11;0;2;17;1;20
2016-06-12;0;0;1;0;1
2016-06-13;0;3;4;2;9
2016-06-14;0;0;1;0;1
2016-06-15;0;3;3;0;6
2016-06-16;0;3;1;0;4
2016-06-17;0;1;0;0;1
2016-06-18;0;1;1;0;2
2016-06-19;0;1;1;0;2
2016-06-20;1;8;0;0;9
2016-06-21;0;6;0;0;6
2016-06-22;0;2;1;0;3
2016-06-23;0;3;1;0;4
2016-06-24;0;2;0;0;2
2016-06-25;0;0;1;0;1
2016-06-26;0;1;0;0;1
2016-06-27;0;3;0;0;3
2016-06-28;0;0;0;0;0
2016-06-29;0;1;1;0;2
2016-06-30;0;4;0;0;4
2016-07-01;0;0;0;0;0
2016-07-02;0;0;0;0;0
2016-07-03;0;2;0;0;2
2016-07-04;0;4;1;0;5
2016-07-05;0;1;1;0;2
2016-07-06;0;1;0;0;1
2016-07-07;0;2;0;0;2
2016-07-08;0;2;0;0;2
2016-07-09;0;4;1;0;5
2016-07-10;0;3;0;0;3
2016-07-11;0;0;0;0;0
2016-07-12;0;1;1;0;2
2016-07-13;0;1;1;0;2
2016-07-14;0;0;1;0;1
2016-07-15;0;4;0;0;4
2016-07-16;0;3;0;0;3
2016-07-17;0;2;0;0;2
2016-07-18;0;4;0;0;4
2016-07-19;0;3;0;0;3
2016-07-20;0;0;0;0;0
2016-07-21;0;3;0;0;3
2016-07-22;0;1;0;0;1
2016-07-23;0;0;0;0;0
2016-07-24;0;1;0;0;1
2016-07-25;0;2;0;0;2
2016-07-26;0;3;0;1;4
2016-07-27;0;3;0;0;3
2016-07-28;0;4;0;0;4
2016-07-29;0;2;0;0;2
2016-07-30;0;2;0;0;2
2016-07-31;0;3;0;0;3
2016-08-01;0;8;0;0;8
2016-08-02;0;8;0;0;8
2016-08-03;0;2;0;0;2
2016-08-04;0;5;0;0;5
2016-08-05;0;0;0;0;0
2016-08-06;1;2;0;0;3
2016-08-07;0;2;0;0;2
2016-08-08;0;7;0;0;7
2016-08-09;0;16;0;0;16
2016-08-10;0;4;0;0;4
2016-08-11;0;5;0;0;5
2016-08-12;0;5;0;0;5
2016-08-13;0;3;0;0;3
2016-08-14;0;1;0;0;1
2016-08-15;0;8;0;0;8
2016-08-16;0;2;0;0;2
2016-08-17;0;2;0;0;2
2016-08-18;0;1;0;0;1
2016-08-19;0;1;0;0;1
2016-08-20;0;0;0;0;0
2016-08-21;0;0;0;0;0
2016-08-22;0;2;0;0;2
2016-08-23;0;9;0;0;9
2016-08-24;0;3;0;0;3
2016-08-25;0;2;0;0;2
2016-08-26;0;5;0;0;5
2016-08-27;0;0;0;0;0
2016-08-28;0;3;0;0;3
2016-08-29;0;7;0;0;7
2016-08-30;0;3;0;0;3
2016-08-31;0;6;0;0;6
2016-09-01;0;13;0;0;13
2016-09-02;0;3;0;1;4
2016-09-03;0;2;0;1;3
2016-09-04;0;1;0;0;1
2016-09-05;0;4;0;0;4
2016-09-06;0;3;0;0;3
2016-09-07;0;8;0;0;8
2016-09-08;0;1;0;0;1
2016-09-09;0;3;0;0;3
2016-09-10;0;2;0;0;2
2016-09-11;0;2;0;0;2
2016-09-12;0;8;0;0;8
2016-09-13;0;4;0;0;4
2016-09-14;0;5;0;0;5
2016-09-15;0;4;0;0;4
2016-09-16;0;2;0;0;2
2016-09-17;0;1;0;0;1
2016-09-18;0;0;0;0;0
2016-09-19;0;0;0;0;0
2016-09-20;0;2;0;0;2
2016-09-21;0;3;0;0;3
2016-09-22;0;24;0;0;24
2016-09-23;0;2;0;0;2
2016-09-24;0;1;0;0;1
2016-09-25;0;0;0;0;0
2016-09-26;0;5;0;0;5
2016-09-27;0;6;0;0;6
2016-09-28;1;4;0;0;5
2016-09-29;0;8;0;0;8
2016-09-30;0;9;0;0;9
2016-10-01;0;1;1;0;2
2016-10-02;0;3;0;1;4
2016-10-03;0;8;1;1;10
2016-10-04;0;3;6;0;9
2016-10-05;0;5;2;0;7
2016-10-06;0;4;0;0;4
2016-10-07;0;0;2;2;4
2016-10-08;0;1;2;0;3
2016-10-09;0;0;0;0;0
2016-10-10;0;0;1;0;1
2016-10-11;0;2;5;0;7
2016-10-12;0;0;5;0;5
2016-10-13;0;1;4;0;5
2016-10-14;0;2;7;0;9
2016-10-15;0;4;1;1;6
2016-10-16;0;1;4;0;5
2016-10-17;0;3;1;0;4
2016-10-18;0;3;1;0;4
2016-10-19;0;0;2;1;3
2016-10-20;0;5;0;0;5
2016-10-21;0;0;3;0;3
2016-10-22;0;0;4;0;4
2016-10-23;0;0;4;1;5
2016-10-24;0;1;5;0;6
2016-10-25;0;2;7;1;10
2016-10-26;0;2;14;0;16
2016-10-27;0;1;6;0;7
2016-10-28;0;2;3;1;6
2016-10-29;0;2;6;0;8
2016-10-30;0;0;10;4;14
2016-10-31;0;1;5;1;7
2016-11-01;0;5;2;0;7
2016-11-02;0;3;20;3;26
2016-11-03;0;4;50;2;56
2016-11-04;0;1;17;1;19
2016-11-05;0;2;20;10;32
2016-11-06;0;3;28;7;38
2016-11-07;0;2;39;5;46
2016-11-08;0;1;36;3;40
2016-11-09;0;3;33;1;37
2016-11-10;1;2;39;0;42
2016-11-11;0;2;56;0;58
2016-11-12;0;3;27;8;38
2016-11-13;0;1;22;2;25
2016-11-14;0;7;3;2;12
2016-11-15;0;12;17;7;36
2016-11-16;0;12;9;1;22
2016-11-17;1;7;20;1;29
2016-11-18;0;4;6;1;11
2016-11-19;0;1;25;2;28
2016-11-20;0;0;18;3;21
2016-11-21;0;3;4;8;15
2016-11-22;0;6;5;1;12
2016-11-23;0;4;20;11;35
2016-11-24;1;4;6;8;19
2016-11-25;1;22;11;6;40
2016-11-26;0;20;25;11;56
2016-11-27;0;3;28;26;57
2016-11-28;0;5;36;26;67
2016-11-29;0;3;19;29;51
2016-11-30;0;9;46;28;83
2016-12-01;2;5;11;128;146
2016-12-02;0;3;26;46;75
2016-12-03;0;1;64;42;107
2016-12-04;0;26;48;40;114
2016-12-05;0;39;6;32;77
2016-12-06;0;8;37;81;126
2016-12-07;0;8;7;52;67
2016-12-08;0;20;22;25;67
2016-12-09;0;15;17;70;102
2016-12-10;0;4;23;35;62
2016-12-11;0;1;10;52;63
2016-12-12;0;5;22;47;74
2016-12-13;0;4;8;55;67
2016-12-14;0;2;40;50;92
2016-12-15;0;1;19;30;50
2016-12-16;0;1;18;47;66
2016-12-17;0;2;23;29;54
2016-12-18;0;5;40;32;77
2016-12-19;0;7;19;26;52
2016-12-20;0;7;26;41;74
2016-12-21;0;5;10;25;40
2016-12-22;0;4;12;40;56
2016-12-23;0;5;10;49;64
2016-12-24;0;3;12;25;40
2016-12-25;1;4;23;28;56
2016-12-26;0;14;31;34;79
2016-12-27;0;7;31;53;91
2016-12-28;0;12;25;62;99
2016-12-29;1;7;15;46;69
2016-12-30;2;26;15;40;83
2016-12-31;1;10;14;50;75
2017-01-01;0;2;23;41;66
2017-01-02;0;2;37;53;92
2017-01-03;0;4;16;83;103
2017-01-04;0;7;22;73;102
2017-01-05;0;3;69;69;141
2017-01-06;1;1;25;71;98
2017-01-07;0;2;25;76;103
2017-01-08;0;3;44;59;106
2017-01-09;0;4;12;54;70
2017-01-10;0;9;29;69;107
2017-01-11;0;9;25;64;98
2017-01-12;0;1;11;92;104
2017-01-13;0;1;13;115;129
2017-01-14;0;1;28;89;118
2017-01-15;0;2;50;98;150
2017-01-16;0;4;48;95;147
2017-01-17;1;1;15;80;97
2017-01-18;0;10;20;89;119
2017-01-19;1;8;13;71;93
2017-01-20;2;19;35;67;123
2017-01-21;0;6;20;78;104
2017-01-22;0;1;16;65;82
2017-01-23;0;8;15;61;84
2017-01-24;0;5;19;71;95
2017-01-25;0;6;14;65;85
2017-01-26;0;23;13;54;90
2017-01-27;0;7;20;87;114
2017-01-28;0;4;14;38;56
2017-01-29;0;2;11;46;59
2017-01-30;1;1;14;57;73
2017-01-31;0;5;24;64;93
2017-02-01;1;6;15;46;68
2017-02-02;2;4;12;60;78
2017-02-03;4;4;11;56;75
2017-02-04;0;2;13;59;74
2017-02-05;0;1;9;61;71
2017-02-06;0;3;24;39;66
2017-02-07;0;4;28;62;94
2017-02-08;0;2;46;49;97
2017-02-09;0;3;35;68;106
2017-02-10;0;0;11;62;73
2017-02-11;0;1;36;69;106
2017-02-12;0;0;46;31;77
2017-02-13;0;16;30;38;84
2017-02-14;0;6;23;50;79
2017-02-15;0;6;16;49;71
2017-02-16;0;3;9;43;55
2017-02-17;0;9;14;69;92
2017-02-18;0;4;10;67;81
2017-02-19;0;9;15;83;107
2017-02-20;0;12;38;46;96
2017-02-21;0;23;26;86;135
2017-02-22;0;11;22;89;122
2017-02-23;0;5;15;114;134
2017-02-24;0;7;35;85;127
2017-02-25;0;4;8;79;91
2017-02-26;0;1;36;108;145
2017-02-27;1;16;10;89;116
2017-02-28;0;11;4;56;71
2017-03-01;1;11;9;84;105
2017-03-02;0;4;10;77;91
2017-03-03;0;5;8;91;104
2017-03-04;0;0;8;76;84
2017-03-05;0;5;4;78;87
2017-03-06;0;8;2;52;62
2017-03-07;0;2;39;87;128
2017-03-08;0;7;13;81;101
2017-03-09;0;5;7;76;88
2017-03-10;0;8;14;98;120
2017-03-11;0;2;14;79;95
2017-03-12;0;9;11;103;123
2017-03-13;2;17;7;55;81
2017-03-14;0;20;7;110;137
2017-03-15;0;12;4;79;95
2017-03-16;0;11;9;106;126
2017-03-17;0;16;9;88;113
2017-03-18;0;6;10;107;123
2017-03-19;0;1;16;87;104
2017-03-20;0;9;11;79;99
2017-03-21;0;9;12;99;120
2017-03-22;0;12;7;83;102
2017-03-23;0;3;5;92;100
2017-03-24;0;13;9;89;111
2017-03-25;0;4;6;104;114
2017-03-26;0;6;3;73;82
2017-03-27;0;23;14;80;117
2017-03-28;0;11;14;87;112
2017-03-29;0;13;9;81;103
2017-03-30;0;14;5;82;101
2017-03-31;0;7;12;84;103
2017-04-01;0;8;17;69;94
2017-04-02;0;5;16;77;98
2017-04-03;0;12;29;71;112
2017-04-04;0;14;20;63;97
2017-04-05;0;14;23;84;121
2017-04-06;0;12;8;80;100
2017-04-07;1;6;9;93;109
2017-04-08;0;3;10;66;79
2017-04-09;0;2;19;68;89
2017-04-10;0;6;20;64;90
2017-04-11;0;7;12;97;116
2017-04-12;0;2;4;70;76
2017-04-13;0;0;17;71;88
2017-04-14;0;2;8;71;81
2017-04-15;0;1;2;41;44
2017-04-16;0;11;9;60;80
2017-04-17;0;6;25;48;79
2017-04-18;0;8;3;46;57
2017-04-19;0;6;4;61;71
2017-04-20;0;16;5;59;80
2017-04-21;0;4;4;90;98
2017-04-22;0;1;2;84;87
2017-04-23;0;2;7;53;62
2017-04-24;1;9;3;40;53
2017-04-25;0;7;9;67;83
2017-04-26;0;5;7;52;64
2017-04-27;0;5;7;54;66
2017-04-28;0;7;5;71;83
2017-04-29;0;4;9;60;73
2017-04-30;0;0;2;45;47
2017-05-01;0;4;7;36;47
2017-05-02;0;9;12;34;55
2017-05-03;0;17;14;41;72
2017-05-04;0;4;6;29;39
2017-05-05;0;3;14;48;65
2017-05-06;0;3;5;41;49
2017-05-07;0;4;9;44;57
2017-05-08;0;11;10;22;43
2017-05-09;0;4;26;27;57
2017-05-10;0;45;21;21;87
2017-05-11;0;6;5;33;44
2017-05-12;0;13;1;27;41
2017-05-13;0;1;5;17;23
2017-05-14;0;1;3;23;27
2017-05-15;0;7;9;22;38
2017-05-16;0;5;25;33;63
2017-05-17;0;3;12;19;34
2017-05-18;3;38;9;29;79
2017-05-19;2;14;16;46;78
2017-05-20;0;3;12;11;26
2017-05-21;1;3;6;13;23
2017-05-22;1;13;10;19;43
2017-05-23;0;14;17;24;55
2017-05-24;0;1;12;27;40
2017-05-25;0;4;18;5;27
2017-05-26;0;21;26;18;65
2017-05-27;0;8;14;26;48
2017-05-28;0;3;17;25;45
2017-05-29;0;4;20;16;40
2017-05-30;0;10;15;16;41
2017-05-31;0;23;6;3;32
2017-06-01;0;6;10;1;17
2017-06-02;0;13;11;1;25
2017-06-03;0;1;14;6;21
2017-06-04;0;8;5;4;17
2017-06-05;0;6;12;4;22
2017-06-06;0;33;8;6;47
2017-06-07;0;12;14;6;32
2017-06-08;2;24;21;3;50
2017-06-09;0;6;11;7;24
2017-06-10;0;1;6;4;11
2017-06-11;1;2;4;5;12
2017-06-12;0;12;11;4;27
2017-06-13;0;9;1;3;13
2017-06-14;0;4;7;4;15
2017-06-15;0;8;4;3;15
2017-06-16;0;2;2;3;7
2017-06-17;0;2;1;3;6
2017-06-18;1;0;6;4;11
2017-06-19;0;8;4;3;15
2017-06-20;0;5;1;3;9
2017-06-21;0;2;1;3;6
2017-06-22;0;1;4;3;8
2017-06-23;0;2;2;3;7
2017-06-24;0;1;3;3;7
2017-06-25;0;3;3;3;9
2017-06-26;0;15;1;3;19
2017-06-27;0;1;1;3;5
2017-06-28;0;2;1;3;6
2017-06-29;0;4;2;3;9
2017-06-30;0;0;5;3;8
2017-07-01;0;0;2;0;2
2017-07-02;0;1;3;0;4
2017-07-03;0;5;1;0;6
2017-07-04;1;14;2;0;17
2017-07-05;0;3;1;0;4
2017-07-06;0;3;0;0;3
2017-07-07;0;0;2;0;2
2017-07-08;0;0;0;0;0
2017-07-09;0;0;1;0;1
2017-07-10;0;2;0;0;2
2017-07-11;0;5;0;0;5
2017-07-12;0;9;0;0;9
2017-07-13;0;5;0;0;5
2017-07-14;0;1;1;0;2
2017-07-15;0;3;0;0;3
2017-07-16;0;1;0;0;1
2017-07-17;4;3;1;0;8
2017-07-18;0;4;0;0;4
2017-07-19;0;1;1;0;2
2017-07-20;0;5;0;0;5
2017-07-21;0;5;0;0;5
2017-07-22;0;2;0;0;2
2017-07-23;0;0;0;0;0
2017-07-24;0;6;0;0;6
2017-07-25;0;2;0;0;2
2017-07-26;0;1;0;0;1
2017-07-27;0;2;0;0;2
2017-07-28;0;2;0;0;2
2017-07-29;0;1;0;0;1
2017-07-30;0;1;0;0;1
2017-07-31;0;9;0;0;9
2017-08-01;0;49;0;0;49
2017-08-02;0;7;0;0;7
2017-08-03;0;4;0;0;4
2017-08-04;0;4;0;0;4
2017-08-05;0;2;0;0;2
2017-08-06;0;3;0;0;3
2017-08-07;0;4;0;0;4
2017-08-08;0;1;0;0;1
2017-08-09;1;5;0;0;6
2017-08-10;0;3;0;0;3
2017-08-11;0;7;0;0;7
2017-08-12;0;1;0;0;1
2017-08-13;0;0;0;0;0
2017-08-14;0;8;0;0;8
2017-08-15;1;9;0;0;10
2017-08-16;0;1;0;0;1
2017-08-17;0;7;0;0;7
2017-08-18;0;7;0;0;7
2017-08-19;1;7;0;0;8
2017-08-20;0;6;0;0;6
2017-08-21;0;5;0;0;5
2017-08-22;0;4;0;0;4
2017-08-23;0;0;0;0;0
2017-08-24;0;5;0;0;5
2017-08-25;0;3;0;1;4
2017-08-26;0;0;0;0;0
2017-08-27;0;1;0;0;1
2017-08-28;0;6;0;0;6
2017-08-29;0;3;0;0;3
2017-08-30;0;2;0;0;2
2017-08-31;0;1;0;0;1
2017-09-01;0;5;0;0;5
2017-09-02;0;1;0;0;1
2017-09-03;0;2;0;0;2
2017-09-04;0;4;0;1;5
2017-09-05;0;5;0;0;5
2017-09-06;0;2;0;0;2
2017-09-07;0;6;0;0;6
2017-09-08;0;2;0;0;2
2017-09-09;3;1;0;0;4
2017-09-10;0;2;0;0;2
2017-09-11;0;4;0;0;4
2017-09-12;1;8;0;0;9
2017-09-13;1;9;0;0;10
2017-09-14;0;1;0;0;1
2017-09-15;0;6;0;0;6
2017-09-16;0;2;0;0;2
2017-09-17;0;0;0;0;0
2017-09-18;0;2;1;0;3
2017-09-19;0;1;0;0;1
2017-09-20;0;3;0;1;4
2017-09-21;0;1;0;0;1
2017-09-22;0;4;0;0;4
2017-09-23;0;3;0;0;3
2017-09-24;0;1;0;0;1
2017-09-25;0;0;0;0;0
2017-09-26;0;0;0;0;0
2017-09-27;0;0;0;0;0
2017-09-28;0;0;0;0;0
2017-09-29;0;3;0;0;3
2017-09-30;0;8;0;0;8
2017-10-01;2;19;0;0;21
2017-10-02;2;47;0;0;49
2017-10-03;1;18;0;1;20
2017-10-04;0;8;0;3;11
2017-10-05;0;14;0;0;14
2017-10-06;0;6;0;1;7
2017-10-07;0;2;0;2;4
2017-10-08;0;2;0;0;2
2017-10-09;0;4;1;1;6
2017-10-10;0;4;2;0;6
2017-10-11;0;5;0;2;7
2017-10-12;0;5;1;2;8
2017-10-13;0;1;2;0;3
2017-10-14;0;3;2;0;5
2017-10-15;0;3;1;0;4
2017-10-16;0;6;0;4;10
2017-10-17;0;1;0;0;1
2017-10-18;0;4;6;2;12
2017-10-19;0;2;14;1;17
2017-10-20;0;3;4;2;9
2017-10-21;0;3;3;0;6
2017-10-22;1;3;4;1;9
2017-10-23;0;2;4;1;7
2017-10-24;0;7;3;2;12
2017-10-25;0;8;4;2;14
2017-10-26;0;7;2;1;10
2017-10-27;2;3;4;1;10
2017-10-28;0;2;7;2;11
2017-10-29;0;4;2;8;14
2017-10-30;0;10;4;2;16
2017-10-31;1;10;14;5;30
2017-11-01;1;11;9;2;23
2017-11-02;0;2;8;2;12
2017-11-03;0;4;8;1;13
2017-11-04;0;0;11;2;13
2017-11-05;0;1;8;2;11
2017-11-06;0;8;8;4;20
2017-11-07;0;2;8;3;13
2017-11-08;1;4;3;1;9
2017-11-09;1;11;7;1;20
2017-11-10;0;6;24;6;36
2017-11-11;0;4;35;17;56
2017-11-12;0;3;36;12;51
2017-11-13;0;6;35;13;54
2017-11-14;0;3;25;10;38
2017-11-15;1;0;33;5;39
2017-11-16;0;3;17;10;30
2017-11-17;1;1;22;11;35
2017-11-18;0;0;30;17;47
2017-11-19;0;1;52;19;72
2017-11-20;0;1;48;22;71
2017-11-21;0;3;56;30;89
2017-11-22;1;6;13;21;41
2017-11-23;0;19;8;19;46
2017-11-24;0;11;20;18;49
2017-11-25;0;3;40;26;69
2017-11-26;0;0;22;22;44
2017-11-27;0;5;14;12;31
2017-11-28;0;3;18;35;56
2017-11-29;0;4;35;45;84
2017-11-30;0;3;35;43;81
2017-12-01;0;0;30;34;64
2017-12-02;0;5;23;38;66
2017-12-03;0;4;27;49;80
2017-12-04;2;6;25;60;93
2017-12-05;2;15;13;60;90
2017-12-06;4;10;15;106;135
2017-12-07;2;26;13;77;118
2017-12-08;0;6;10;57;73
2017-12-09;0;3;24;43;70
2017-12-10;0;1;41;53;95
2017-12-11;0;1;28;61;90
2017-12-12;0;0;57;68;125
2017-12-13;0;0;19;45;64
2017-12-14;0;0;9;56;65
2017-12-15;0;0;13;71;84
2017-12-16;0;2;37;46;85
2017-12-17;0;1;31;72;104
2017-12-18;0;3;24;55;82
2017-12-19;0;17;18;72;107
2017-12-20;3;7;23;53;86
2017-12-21;2;8;28;42;80
2017-12-22;2;3;17;81;103
2017-12-23;3;18;29;55;105
2017-12-24;0;5;16;53;74
2017-12-25;0;1;14;51;66
2017-12-26;0;1;5;77;83
2017-12-27;0;2;18;76;96
2017-12-28;0;9;28;68;105
2017-12-29;0;1;28;50;79
2017-12-30;0;0;8;76;84
2017-12-31;0;1;20;56;77
2018-01-01;0;1;14;40;55
2018-01-02;1;4;11;77;93
2018-01-03;0;2;17;66;85
2018-01-04;0;1;33;69;103
2018-01-05;0;3;33;97;133
2018-01-06;0;0;48;114;162
2018-01-07;0;0;18;87;105
2018-01-08;0;4;8;92;104
2018-01-09;0;4;29;97;130
2018-01-10;0;1;34;53;88
2018-01-11;0;5;21;66;92
2018-01-12;0;10;28;103;141
2018-01-13;0;1;17;77;95
2018-01-14;0;1;15;64;80
2018-01-15;2;5;10;47;64
2018-01-16;0;2;16;57;75
2018-01-17;0;0;13;93;106
2018-01-18;0;1;16;64;81
2018-01-19;0;6;6;58;70
2018-01-20;0;4;6;58;68
2018-01-21;0;2;28;61;91
2018-01-22;0;3;28;44;75
2018-01-23;0;6;24;59;89
2018-01-24;0;13;8;70;91
2018-01-25;2;10;14;80;106
2018-01-26;1;6;22;95;124
2018-01-27;1;4;15;126;146
2018-01-28;0;4;7;78;89
2018-01-29;1;3;13;48;65
2018-01-30;0;5;5;75;85
2018-01-31;0;8;9;86;103
2018-02-01;0;7;14;63;84
2018-02-02;0;1;45;98;144
2018-02-03;0;1;34;71;106
2018-02-04;0;0;18;78;96
2018-02-05;0;4;8;57;69
2018-02-06;0;8;19;63;90
2018-02-07;0;5;19;58;82
2018-02-08;0;9;13;70;92
2018-02-09;0;11;6;95;112
2018-02-10;0;4;6;109;119
2018-02-11;0;0;18;89;107
2018-02-12;0;2;8;66;76
2018-02-13;0;4;12;94;110
2018-02-14;0;4;26;74;104
2018-02-15;0;5;6;76;87
2018-02-16;0;1;8;60;69
2018-02-17;0;0;5;91;96
2018-02-18;0;2;1;57;60
2018-02-19;0;3;11;55;69
2018-02-20;0;4;16;56;76
2018-02-21;0;6;10;63;79
2018-02-22;0;6;9;82;97
2018-02-23;0;5;5;80;90
2018-02-24;0;0;17;63;80
2018-02-25;0;0;6;40;46
2018-02-26;0;0;11;61;72
2018-02-27;0;1;9;105;115
2018-02-28;0;7;24;73;104
2018-03-01;0;1;9;84;94
2018-03-02;0;1;18;99;118
2018-03-03;0;2;14;83;99
2018-03-04;0;0;10;91;101
2018-03-05;0;3;13;44;60
2018-03-06;0;2;7;69;78
2018-03-07;0;4;10;63;77
2018-03-08;0;9;3;55;67
2018-03-09;0;11;17;62;90
2018-03-10;0;1;7;91;99
2018-03-11;0;2;8;67;77
2018-03-12;1;7;10;80;98
2018-03-13;0;13;3;108;124
2018-03-14;0;18;8;81;107
2018-03-15;0;12;2;89;103
2018-03-16;0;2;1;127;130
2018-03-17;0;0;13;97;110
2018-03-18;0;3;8;136;147
2018-03-19;0;5;2;189;196
2018-03-20;0;4;18;141;163
2018-03-21;0;9;6;107;122
2018-03-22;0;10;11;179;200
2018-03-23;0;13;3;131;147
2018-03-24;0;6;9;141;156
2018-03-25;0;5;5;141;151
2018-03-26;0;17;5;171;193
2018-03-27;0;5;14;179;198
2018-03-28;0;2;22;157;181
2018-03-29;0;4;11;131;146
2018-03-30;0;7;9;129;145
2018-03-31;1;3;3;135;142
2018-04-01;0;2;18;119;139
2018-04-02;0;9;16;100;125
2018-04-03;0;24;8;84;116
2018-04-04;0;12;6;92;110
2018-04-05;0;12;3;90;105
2018-04-06;0;13;10;191;214
2018-04-07;0;2;14;103;119
2018-04-08;0;4;7;116;127
2018-04-09;0;23;6;72;101
2018-04-10;0;16;7;113;136
2018-04-11;2;30;31;79;142
2018-04-12;1;23;48;113;185
2018-04-13;3;21;12;146;182
2018-04-14;0;7;22;116;145
2018-04-15;1;10;35;106;152
2018-04-16;0;25;5;73;103
2018-04-17;1;18;6;123;148
2018-04-18;2;29;8;76;115
2018-04-19;2;22;26;83;133
2018-04-20;1;17;8;92;118
2018-04-21;2;14;12;85;113
2018-04-22;1;12;32;49;94
2018-04-23;1;20;12;47;80
2018-04-24;0;16;8;35;59
2018-04-25;0;24;10;51;85
2018-04-26;0;20;11;28;59
2018-04-27;0;25;14;48;87
2018-04-28;0;8;11;35;54
2018-04-29;0;5;12;55;72
2018-04-30;0;12;6;43;61
2018-05-01;0;16;20;40;76
2018-05-02;0;22;4;39;65
2018-05-03;0;14;14;33;61
2018-05-04;0;9;5;31;45
2018-05-05;0;8;4;18;30
2018-05-06;1;8;10;23;42
2018-05-07;1;13;11;22;47
2018-05-08;3;8;27;43;81
2018-05-09;10;10;29;33;82
2018-05-10;26;9;16;46;97
2018-05-11;42;12;24;34;112
2018-05-12;25;10;15;45;95
2018-05-13;4;4;12;22;42
2018-05-14;2;14;30;16;62
2018-05-15;11;13;18;22;64
2018-05-16;2;6;31;23;62
2018-05-17;0;5;9;16;30
2018-05-18;2;6;11;18;37
2018-05-19;1;1;23;15;40
2018-05-20;0;3;12;7;22
2018-05-21;1;6;34;18;59
2018-05-22;0;15;11;11;37
2018-05-23;0;8;14;12;34
2018-05-24;0;4;21;19;44
2018-05-25;0;15;10;19;44
2018-05-26;0;5;15;6;26
2018-05-27;0;4;3;14;21
2018-05-28;0;6;9;13;28
2018-05-29;0;15;10;12;37
2018-05-30;0;19;7;3;29
2018-05-31;0;0;5;6;11
2018-06-01;1;9;7;3;20
2018-06-02;0;0;2;4;6
2018-06-03;0;3;5;3;11
2018-06-04;0;6;4;3;13
2018-06-05;0;9;3;4;16
2018-06-06;0;13;2;4;19
2018-06-07;0;10;1;3;14
2018-06-08;0;4;6;5;15
2018-06-09;0;2;3;0;5
2018-06-10;0;1;1;0;2
2018-06-11;0;16;1;0;17
2018-06-12;0;4;1;0;5
2018-06-13;0;3;1;1;5
2018-06-14;0;9;2;0;11
2018-06-15;1;20;3;0;24
2018-06-16;0;2;0;0;2
2018-06-17;0;4;0;0;4
2018-06-18;0;5;0;0;5
2018-06-19;0;15;0;2;17
2018-06-20;0;14;0;1;15
2018-06-21;0;31;0;0;31
2018-06-22;0;2;0;0;2
2018-06-23;1;1;0;0;2
2018-06-24;0;3;0;0;3
2018-06-25;0;8;0;0;8
2018-06-26;0;4;0;0;4
2018-06-27;0;4;0;0;4
2018-06-28;0;5;0;0;5
2018-06-29;0;3;0;0;3
2018-06-30;0;0;0;0;0
2018-07-01;0;1;0;0;1
2018-07-02;1;3;0;0;4
2018-07-03;0;2;0;0;2
2018-07-04;0;2;0;0;2
2018-07-05;0;2;0;0;2
2018-07-06;0;1;0;0;1
2018-07-07;0;1;0;0;1
2018-07-08;0;1;0;0;1
2018-07-09;1;2;0;0;3
2018-07-10;3;3;0;0;6
2018-07-11;2;6;0;0;8
2018-07-12;1;6;0;0;7
2018-07-13;1;0;0;0;1
2018-07-14;0;2;0;0;2
2018-07-15;0;2;0;0;2
2018-07-16;1;4;0;0;5
2018-07-17;0;2;0;0;2
2018-07-18;0;9;0;0;9
2018-07-19;0;5;0;0;5
2018-07-20;0;5;0;0;5
2018-07-21;0;1;0;0;1
2018-07-22;0;0;0;0;0
2018-07-23;0;3;0;0;3
2018-07-24;0;10;0;0;10
2018-07-25;0;17;0;0;17
2018-07-26;1;6;0;0;7
2018-07-27;0;2;0;0;2
2018-07-28;0;5;0;0;5
2018-07-29;0;3;0;0;3
2018-07-30;1;3;0;0;4
2018-07-31;0;51;0;0;51
2018-08-01;0;13;0;1;14
2018-08-02;0;10;0;0;10
2018-08-03;0;7;0;0;7
2018-08-04;0;0;0;0;0
2018-08-05;0;3;0;0;3
2018-08-06;0;7;0;0;7
2018-08-07;0;9;0;0;9
2018-08-08;0;9;0;0;9
2018-08-09;0;7;0;0;7
2018-08-10;0;12;0;0;12
2018-08-11;0;17;0;0;17
2018-08-12;0;3;0;0;3
2018-08-13;0;9;0;0;9
2018-08-14;0;3;0;0;3
2018-08-15;0;3;0;0;3
2018-08-16;0;8;0;0;8
2018-08-17;1;14;0;0;15
2018-08-18;0;6;0;0;6
2018-08-19;0;3;0;1;4
2018-08-20;0;15;0;0;15
2018-08-21;1;2;0;0;3
2018-08-22;0;7;0;0;7
2018-08-23;0;12;0;0;12
2018-08-24;0;8;0;0;8
2018-08-25;0;5;0;2;7
2018-08-26;0;2;0;0;2
2018-08-27;0;7;0;0;7
2018-08-28;0;6;0;0;6
2018-08-29;0;2;0;0;2
2018-08-30;1;2;0;0;3
2018-08-31;0;10;0;0;10
2018-09-01;2;6;0;0;8
2018-09-02;0;1;0;0;1
2018-09-03;1;8;0;0;9
2018-09-04;0;3;0;0;3
2018-09-05;0;4;0;0;4
2018-09-06;0;6;0;0;6
2018-09-07;0;5;0;0;5
2018-09-08;2;4;0;0;6
2018-09-09;5;2;0;0;7
2018-09-10;4;4;0;0;8
2018-09-11;1;12;0;0;13
2018-09-12;0;9;0;1;10
2018-09-13;0;10;0;0;10
2018-09-14;0;7;1;0;8
2018-09-15;0;3;0;0;3
2018-09-16;0;3;0;1;4
2018-09-17;1;9;0;1;11
2018-09-18;0;11;0;0;11
2018-09-19;1;11;0;0;12
2018-09-20;1;16;0;0;17
2018-09-21;0;15;0;0;15
2018-09-22;2;7;0;1;10
2018-09-23;0;3;0;1;4
2018-09-24;1;12;0;1;14
2018-09-25;3;8;0;1;12
2018-09-26;13;42;0;1;56
2018-09-27;0;12;1;3;16
2018-09-28;0;11;4;0;15
2018-09-29;4;4;2;7;17
2018-09-30;1;4;1;0;6
2018-10-01;2;8;3;1;14
2018-10-02;0;5;1;1;7
2018-10-03;0;11;0;1;12
2018-10-04;0;9;3;3;15
2018-10-05;1;1;5;1;8
2018-10-06;0;1;3;1;5
2018-10-07;0;3;5;0;8
2018-10-08;2;10;1;1;14
2018-10-09;6;10;3;2;21
2018-10-10;1;6;2;0;9
2018-10-11;1;4;2;0;7
2018-10-12;1;3;0;1;5
2018-10-13;11;6;0;0;17
2018-10-14;19;7;0;0;26
2018-10-15;37;8;3;0;48
2018-10-16;20;2;0;0;22
2018-10-17;0;3;0;0;3
2018-10-18;1;4;1;1;7
2018-10-19;6;1;0;0;7
2018-10-20;1;3;1;1;6
2018-10-21;0;0;2;0;2
2018-10-22;0;9;1;1;11
2018-10-23;0;9;3;6;18
2018-10-24;0;2;8;5;15
2018-10-25;0;9;10;6;25
2018-10-26;0;6;22;2;30
2018-10-27;0;3;21;6;30
2018-10-28;0;1;39;9;49
2018-10-29;0;5;42;13;60
2018-10-30;0;6;5;6;17
2018-10-31;0;6;9;2;17
2018-11-01;0;6;5;3;14
2018-11-02;0;3;8;2;13
2018-11-03;0;0;5;3;8
2018-11-04;0;5;10;0;15
2018-11-05;0;5;13;0;18
2018-11-06;0;6;8;0;14
2018-11-07;0;2;5;0;7
2018-11-08;1;5;3;0;9
2018-11-09;1;1;3;1;6
2018-11-10;0;3;2;2;7
2018-11-11;10;4;8;2;24
2018-11-12;7;7;4;0;18
2018-11-13;2;12;2;2;18
2018-11-14;1;5;4;1;11
2018-11-15;0;0;1;0;1
2018-11-16;0;2;2;1;5
2018-11-17;0;0;9;5;14
2018-11-18;1;1;11;2;15
2018-11-19;0;4;25;0;29
2018-11-20;0;4;34;0;38
2018-11-21;0;9;33;0;42
2018-11-22;0;4;75;8;87
2018-11-23;0;4;39;4;47
2018-11-24;0;0;61;10;71
2018-11-25;0;1;64;10;75
2018-11-26;1;2;26;9;38
2018-11-27;0;6;38;12;56
2018-11-28;1;1;51;26;79
2018-11-29;1;6;14;25;46
2018-11-30;4;15;15;20;54
2018-12-01;0;0;25;29;54
2018-12-02;0;4;14;23;41
2018-12-03;1;8;15;24;48
2018-12-04;1;7;14;32;54
2018-12-05;0;6;25;42;73
2018-12-06;0;7;17;38;62
2018-12-07;0;6;15;31;52
2018-12-08;1;1;13;37;52
2018-12-09;0;1;10;47;58
2018-12-10;0;7;20;24;51
2018-12-11;0;2;40;40;82
2018-12-12;0;3;33;66;102
2018-12-13;0;8;38;26;72
2018-12-14;0;3;22;38;63
2018-12-15;0;2;28;47;77
2018-12-16;0;0;20;35;55
2018-12-17;0;2;24;23;49
2018-12-18;0;6;12;32;50
2018-12-19;0;3;22;31;56
2018-12-20;0;3;4;33;40
2018-12-21;0;2;7;25;34
2018-12-22;0;1;17;25;43
2018-12-23;0;1;30;30;61
2018-12-24;0;3;12;23;38
2018-12-25;0;2;21;49;72
2018-12-26;0;8;15;45;68
2018-12-27;0;6;18;27;51
2018-12-28;0;9;27;54;90
2018-12-29;0;2;17;29;48
2018-12-30;0;3;25;69;97
2018-12-31;0;14;10;52;76
2019-01-01;0;10;12;37;59
2019-01-02;0;6;20;61;87
2019-01-03;1;9;21;59;90
2019-01-04;1;17;18;80;116
2019-01-05;0;2;10;60;72
2019-01-06;0;6;17;45;68
2019-01-07;0;6;14;53;73
2019-01-08;0;4;16;80;100
2019-01-09;0;1;21;97;119
2019-01-10;0;5;8;87;100
2019-01-11;0;5;16;108;129
2019-01-12;1;1;11;85;98
2019-01-13;0;3;8;104;115
2019-01-14;2;1;12;91;106
2019-01-15;0;0;8;84;92
2019-01-16;0;1;13;92;106
2019-01-17;0;1;18;105;124
2019-01-18;0;0;25;127;152
2019-01-19;0;1;6;128;135
2019-01-20;0;0;8;93;101
